45043840
45043858
45043873
45043905
45043914
45043920
45043977
45044007
45041302
45041322
45041518
45041521
19796580
32070397
45036440
45036451
45036553
45036597
45036634
45036656
45036694
45036750
45036854
45045867
45044439
45044442
45044462
45044518
45044528
45045395
3379998
3379999
3380000
3380011
3380012
3380013
3387067
3443642
3444790
3444791
3514089
3514094
3514097
3478779
3514194
3514195
3514196
3488164
3514197
3514262
3514351
3514352
3514353
3503526
3514357
3514487
3514488
3514490
3514496
3528684
3528690
3581237
3581238
3554472
3581284
3581285
3581288
3597299
3597303
3597308
3605278
3605282
3605290
3614345
3642022
3660461
3660462
3660463
29382092
30345151
30345153
31991283
44421982
44613949
44629244
44657143
45035931
45035965
45035986
45035996
45036183
45045398
32835380
23948904
24670745
24734771
27249978
28050211
28101715
28177195
28305529
28456333
32283096
32297382
17651293
17493522
17429759
17429766
17604807
17604863
17605149
17745049
17674772
17745069
18276878
18276904
18332629
18619614
18619645
18662662
18794362
19206403
18924346
19258262
19521220
19280632
19336889
19632313
19603876
19633226
19794044
19794046
19652388
19794115
19707418
19794143
19794299
19812327
19812390
20161012
20022314
20074391
20717139
21068851
21183938
21491966
21504259
21600496
22255572
23728663
25426642
25412124
26236847
27844160
28121782
28192048
28486550
28831013
28830956
29166833
31686765
31772474
32294020
33177502
33377805
18654030
18654031
18720499
29003971
3440657
3440659
3440660
3460633
3460635
19776618
20119842
21623180
21573849
23315703
23315708
25716222
26749762
32650238
34905970
35009812
18659462
33709732
38908182
39239224
41680649
41680651
42109640
44359583
44782137
45000387
45014514
45014586
45029394
33789540
33801927
33814380
39240792
39269100
39279489
39321288
44921386
33800501
40886793
41598796
41631844
41647365
41833517
41844252
42152925
42263015
42584773
42707809
42783997
42811856
42889268
43021839
43100013
43116065
43229977
43413725
43430340
43468277
43541523
43584458
43698321
44245218
44245221
44245223
44245225
44254144
44254178
44254213
44268726
44268753
44268780
44286432
44284171
44284195
44284215
44300013
44298943
44298967
44298979
44314134
44313192
44313200
44313207
44330295
44331805
44332970
44334433
44345939
44346339
44343469
44343492
44357795
44357803
44357854
44418865
44653243
33856630
42048038
45020129
45020132
36219982
17605294
17989982
18889277
18924201
18976100
19279862
19336063
19632969
19652512
19707622
19972768
20073355
20428812
20472577
20735523
20788530
20835940
26243518
26843339
33793688
33814420
33772309
33783043
33801950
33814332
33840274
33856426
34399402
18173905
19568818
19669360
20251629
20296654
20667060
20667062
33159829
33802018
27854573
27854579
27854581
27984822
27984829
28453641
28467212
28467241
33856486
39243941
21071637
21597482
3650643
17398878
17603527
17603697
17493412
17712025
17604297
17604436
17707474
17604544
17855337
17904919
17652382
17855628
17855920
18154686
17917348
17917380
17931843
17987977
18229287
18491896
18234840
18348852
18492037
18492061
18958600
18826714
18881053
19187074
19268383
18922692
19316866
19253020
19477454
19465365
19235377
19235411
19612900
19612919
19278145
19689892
19556070
19609524
19609587
20008054
19650679
20008544
19921180
20342312
20021417
20496640
20546872
20546881
20285426
20644975
20333635
20710639
20724845
20427487
20772862
20903851
20906523
20690177
20737418
20808623
20808643
20851705
20851729
21202634
21202652
21217550
21022984
21023002
21301479
21133563
21153738
21183614
21183675
21387465
21503604
21531770
21531784
21552646
21533212
21543172
21555725
21582130
21587831
21587857
21587879
21560177
21599996
21600016
21576961
21590480
21592655
21610523
21610550
21616794
21616825
22047871
22047890
21689560
21689651
21771073
21811861
21855273
21928945
22000287
22000328
22254251
22193172
22443128
22143146
22193378
22240263
22240294
22305535
22396067
22396087
22711355
22525155
22487083
22525416
22565238
22621498
22722057
23047768
22843100
22892127
22892170
22942004
22992028
23038132
23038176
23362939
23363015
23497311
23565108
23565184
23738801
23798194
23900543
23840177
23902425
23902471
23728591
23728614
24150419
23785630
23902656
23902706
24323113
23968140
24082853
24082880
24139510
24139541
24550957
24615166
24734618
24615193
24671612
24865513
24865541
24922569
24922601
24736855
24736884
24736959
24786894
24866909
24911646
24962553
24868868
25423365
25425105
25151966
25204900
25273534
25345153
25410570
25895892
26007901
26090394
26155787
26235673
26156193
26324302
26157911
26506919
26422874
26665593
26308651
26749322
26844109
26913926
26728942
27263609
27394601
27394638
27200029
27512347
27498025
27498062
27250139
27250200
27322195
27380018
27628942
27628965
27629467
27630069
27630142
27713865
27785886
27841370
28050105
28050131
28101560
28385966
28385991
28386010
28386013
28385189
28385831
28472723
28714346
28474120
28474393
28493247
28832916
28832884
28832573
28832710
28832739
28832641
29167621
29167807
29167970
30343182
31469448
31606530
31776706
31866832
31955606
31982091
32040539
32049572
32017033
32025522
32040600
32304260
32400791
32608992
32623775
32665660
32724202
32737309
32695930
32806515
32917914
33026139
33044741
33219882
32986527
32997024
33069701
33171655
33188264
33345180
33377157
33393206
33402515
33443669
33464248
33474346
33474376
33514807
33542850
33565891
33621966
33778410
33789185
33813904
33825093
33840916
33855760
33855761
34202112
34315304
34328207
34353542
34410615
34439499
34370318
34520845
34621495
34630376
34645343
34720150
34749343
34766751
34885092
35196038
35467597
35509384
35574738
35626681
36122053
36291622
36687482
36721794
36981934
37087386
37472099
21513627
22048682
23629810
33814274
39268535
45044397
34541277
34646953
35036852
35911178
37301424
37301475
37301537
37310766
37618778
42682560
42694195
42694249
38441554
39835805
42541896
42773370
43227773
43227775
43352386
43420045
43420057
43420062
43575393
43575403
43704299
43719272
44317990
44317999
44318004
17607665
3552446
3578304
3653363
17630616
19606792
19606817
28246766
28309018
37519263
37519267
37519312
37519327
37519341
37519342
37519346
37519365
37519404
37519419
37519427
37519442
37519473
37519482
37519487
37519511
37519514
37519522
37537555
37537557
37537566
37537567
37537569
37537572
37537575
37537577
37537593
37537596
37537599
37537608
37537617
37537620
37537622
37537626
37537628
37537631
37537634
37552192
37552194
37552231
37552235
37552238
37552241
37552244
37552250
37552324
37552330
37552332
37552345
37552352
37552357
37552363
37552367
37552369
37552371
37552373
37567451
37567452
37567532
37567534
37567535
37567547
37567572
37567639
37567653
37567665
37567757
37567788
37567809
37567919
37582936
37582939
37582951
37582955
37582959
37582962
37582964
37582968
37582974
37582976
37582980
37582993
37583004
37583009
37583011
37583015
37583016
37583018
37583020
37583023
37596029
37596031
37596032
37596033
37596034
37596035
37596036
37596037
37596038
37596039
37596041
37596042
37596044
37596045
37596047
37596048
37596049
37596050
37606006
37606009
37606010
37606012
37606014
37606017
37606023
37606026
37606032
37606037
37606040
37606049
37606068
37606076
37606078
37606080
37606082
38405907
38405908
38405912
38405913
38405915
38423559
38423560
38423563
38423564
38423580
38423581
38423583
38423585
38423586
38423587
38423588
38438353
38438354
38438369
38438371
38438374
38438375
38438377
38438379
38438380
38438382
39064597
39064598
39064602
39064603
39064616
39064619
39064620
39064622
39064624
39064625
39064626
39064627
39079273
39079277
39079285
39079293
39079299
39079307
39079314
39079317
39079336
39079345
39079357
39079360
39079362
39079375
39079383
39079388
39079391
39093831
39093839
39093850
39093852
39093854
39093856
39093859
39093864
39093874
39093877
39093879
39093882
39093891
39093894
39093901
39093906
39093908
39093909
39093910
39107588
39107592
39107594
39107598
39107602
39107606
39107609
39107615
39123935
39123937
39123949
39123951
39123952
39123968
39123990
39123993
39124053
39124073
39124084
39124087
39124089
39124112
39124130
39124134
39142563
39142565
39142568
39142571
39142574
39142578
39142581
39142584
39142586
39142592
39142601
39142604
39142609
39142613
39142618
39142620
39142622
39142625
39159116
39159125
39159128
39159145
39159156
39159168
39159171
39159182
39159184
39159187
39159200
39159201
39159207
39159211
39159217
39159219
39159223
39159224
40238923
40238929
40238939
40238948
40238952
40238959
40238962
40238965
40238970
40238978
40238996
40239027
40239039
40239041
40239076
40239087
40239091
40239094
40256689
40256723
40256748
40256800
40256803
40256827
40256830
40256846
40256849
40256853
40256870
40256872
40256875
40256877
40256902
40256917
40256918
40256939
41711591
41711596
42629631
42772752
42770377
44048879
45042916
37307884
3547266
3547275
3557487
3557505
3564964
3564972
3573618
3573624
3584410
3584421
3599587
3599594
3607435
3607443
3616634
3616644
3625416
3625426
3633655
3633667
3648232
3648249
3648295
3648309
3663463
3663469
27262400
28456125
28040624
28038037
37474151
37474179
37474182
37474205
37474260
37474272
37474334
37506066
37506067
37506069
37506072
37506080
37506082
37506094
37506098
37525276
37525278
37525302
37525307
37525310
38373679
38373689
38373715
38373731
38373739
38373755
38390195
38390200
38390203
38390205
38390209
38390214
38390220
38390228
38597440
38597445
38597453
38597464
38597466
38597468
38597471
38612281
38612290
38612293
38612295
38612299
38612310
38612315
38612318
38626372
38626377
38626380
38626382
38626388
38626397
38626410
38626421
38640885
38640914
38655190
38655197
38655209
38655217
38655226
38655232
38655235
38655238
38655260
38672151
38672161
38672167
38672171
38672188
38672191
38672197
38705774
38705779
38705787
38705792
38705798
38705800
38705802
38705805
38721186
38721191
38721194
38721196
38721211
38721214
38721216
38721219
38735734
38735739
38735742
38735744
38735749
38735754
38735760
38735766
38748803
38748818
38748826
38748831
38748840
38748850
38748854
38748897
38764356
38764386
38764408
38764426
38764454
38764492
38764522
38764618
38779848
38779853
38779856
38779858
38779876
38779881
38779892
38815186
38815191
38815199
38815204
38815210
38815212
38815214
38815217
38830350
38830355
38830358
38830360
38830364
38830369
38830375
38830378
38830380
38830383
38845584
38845589
38845592
38845594
38845599
38845604
38845610
38845616
38859305
38859328
38859339
38859353
38859375
38859385
38859389
38859441
38891060
38891087
38891097
38891111
38891157
38891165
38891189
38925463
38925468
38925476
38925481
38925489
38925491
38925494
38941987
38941992
38941995
38941997
38942001
38942012
38942015
38942017
38942020
38956836
38956841
38956844
38956846
38956851
38956856
38956862
38956868
38969478
38969492
38969503
38969508
38969518
38969528
38969532
38969544
38984482
38984490
38984499
38984506
38984513
38984526
38984537
38984549
38998178
38998209
38998232
38998245
38998263
38998295
38998316
39016825
39016835
39016841
39016845
39016851
39016861
39016863
39016869
39016874
39016877
39033432
39033437
39033445
39033450
39033456
39033458
39033460
39033463
39049236
39049241
39049244
39049246
39049255
39049261
39049265
39049268
39049277
39064292
39064297
39064300
39064302
39064307
39064318
39064324
39079815
39079851
39079869
39079881
39079913
39079964
39079980
39080021
39094001
39094031
39094075
39094130
39094185
39094275
39094280
39094321
39094377
39094478
39109486
39109496
39109502
39109511
39109521
39109534
39109539
39109555
39109575
39126225
39126230
39126233
39126235
39126238
39126264
39126271
39126275
39126280
39146815
39146822
39146836
39146845
39146857
39146861
39146864
39146870
39162528
39162533
39162536
39162538
39162542
39162547
39162553
39162556
39162558
39162561
39178410
39178420
39178425
39178429
39178441
39178456
39178471
39178480
39192103
39192110
39192113
39192117
39192127
39192137
39192142
39192149
39210292
39210298
39210302
39210305
39210310
39210315
39210318
39210321
39210325
39210332
39225121
39225183
39225220
39225229
39225259
39225288
39225293
39225310
39225319
39241808
39241833
39241848
39241859
39241867
39241877
39241880
39241902
39241913
39241916
39241925
39255953
39255958
39255966
39255971
39255977
39255979
39255981
39255984
39266529
39266564
39266568
39266572
39266587
39266602
39266630
39266654
39266666
39266681
39280059
39280067
39280070
39280072
39280077
39280082
39280088
39280094
39293185
39293219
39293239
39293264
39293289
39293308
39293322
39293364
39293381
39307894
39307914
39307928
39307939
39307953
39307974
39307982
39307989
39308003
39308020
39321360
39321492
39321503
39321542
39321555
39337700
39337720
39337725
39337730
39337735
39354820
39354825
39354844
39354846
39354848
39354851
39372278
39372283
39372286
39372288
39372303
39372306
39372308
39372311
39386468
39386473
39386476
39386478
39386483
39386488
39386494
39386500
39402430
39402449
39402471
39402488
39402525
39402562
39402569
39402588
39402601
39418259
39418292
39418315
39418329
39418351
39418365
39418372
39418381
39418401
39418421
39433752
39433787
39433814
39433833
39433858
39433879
39433892
39433933
39433956
39449520
39449554
39449569
39449583
39449599
39449623
39449631
39449649
39449655
39449663
39449677
39469760
39469765
39469773
39469778
39469784
39469786
39469788
39469791
39484633
39484643
39484649
39484653
39484660
39484665
39484671
39484674
39484676
39484679
39498631
39498645
39498653
39498658
39498667
39498678
39498693
39498708
39514061
39514086
39514094
39514107
39514135
39514158
39514176
39514210
39514243
39528077
39528113
39528122
39528128
39528141
39528159
39528162
39528166
39528202
39528244
39542848
39542878
39542893
39542904
39542916
39542929
39542934
39542957
39542979
39559647
39559652
39559655
39559657
39559660
39559665
39559668
39559681
39559686
39559691
39559697
39579142
39579147
39579155
39579160
39579166
39579168
39579170
39579173
39595384
39595392
39595398
39595401
39595406
39595416
39595425
39595431
39595435
39595439
39609595
39609600
39609603
39609605
39609610
39609615
39609621
39609627
39623526
39623551
39623557
39623560
39623608
39623627
39623637
39623659
39623682
39638594
39638626
39638659
39638666
39638687
39638766
39638800
39638830
39638880
39638916
39654668
39654679
39654687
39654693
39654707
39654717
39654722
39654742
39654753
39671289
39671294
39671297
39671299
39671302
39671307
39671309
39671315
39671318
39671320
39671323
39690865
39690870
39690878
39690883
39690889
39690891
39690893
39690896
39705384
39705389
39705392
39705394
39705398
39705403
39705409
39705412
39705414
39705417
39719480
39719485
39719488
39719490
39719495
39719500
39719506
39719512
39733339
39733344
39733347
39733349
39733354
39733359
39733361
39733367
39733378
39748474
39748500
39748515
39748528
39748558
39748582
39748598
39748607
39748635
39748654
39764309
39764347
39764355
39764364
39764380
39764405
39764414
39764439
39764460
39780281
39780291
39780296
39780300
39780304
39780314
39780317
39780326
39780332
39780336
39780346
39798703
39798708
39798716
39798721
39798727
39798729
39798731
39798734
39813445
39813450
39813453
39813455
39813459
39813466
39813485
39813492
39813496
39813508
39828270
39828280
39828285
39828287
39828292
39828297
39828303
39828309
39844107
39844129
39844143
39844148
39844163
39844184
39844190
39844211
39844240
39859495
39859511
39859522
39859529
39859551
39859562
39859574
39859586
39859624
39859679
39874988
39875003
39875016
39875027
39875046
39875068
39875081
39875120
39875140
39892849
39892854
39892859
39892863
39892870
39892881
39892884
39892897
39892903
39892907
39892911
39911941
39911972
39911980
39911987
39911997
39911999
39912001
39912004
39928199
39928207
39928212
39928215
39928228
39928239
39928256
39928261
39928267
39928276
39942925
39942936
39942943
39942946
39942952
39942963
39942984
39943001
39957989
39957997
39958002
39958006
39958016
39958027
39958030
39958041
39958052
39975099
39975113
39975131
39975155
39975172
39975209
39975227
39975234
39975280
39975324
39989303
39989332
39989356
39989375
39989410
39989431
39989436
39989463
39989508
40003499
40003527
40003543
40003555
40003574
40003603
40003618
40003652
40003662
40003666
40003683
40019136
40019162
40019210
40019232
40019266
40019280
40019287
40019302
40038861
40038866
40038869
40038871
40038875
40038880
40038886
40038889
40038892
40038899
40051853
40051863
40051865
40051911
40051932
40051958
40051998
40068636
40068672
40068697
40068720
40068737
40068753
40068757
40068767
40068778
40081427
40081467
40081489
40081512
40081553
40081593
40081636
40081659
40081766
40081814
40093725
40093750
40093769
40093775
40093805
40093850
40093866
40093889
40093928
40112524
40112533
40112538
40112542
40112547
40112555
40112559
40112568
40112573
40112577
40112582
40134100
40134105
40134113
40134118
40134128
40134132
40134135
40134140
40149014
40149026
40149031
40149035
40149040
40149045
40149051
40149054
40149056
40149059
38433095
38447860
38463464
45041895